{
 "cells": [
  {
   "cell_type": "code",
   "execution_count": 1,
   "metadata": {},
   "outputs": [],
   "source": [
    "import pandas as pd\n",
    "import numpy as np\n",
    "df = pd.read_csv(\"/Users/javlintor/Downloads/base_datos_2008.csv.bz2\", nrows = 1e5)"
   ]
  },
  {
   "cell_type": "markdown",
   "metadata": {},
   "source": [
    "Coeficiente de correlación de dos variables aleatorias\n",
    "\n",
    "$$ \n",
    "\\rho_{X,Y} = \\frac{\\sigma_{XY}}{\\sigma_X\\sigma_Y} = \n",
    "\\frac{E[(X-\\mu_X)(Y-\\mu_Y)]}{\\sigma_X\\sigma_Y}\n",
    "$$"
   ]
  },
  {
   "cell_type": "code",
   "execution_count": 2,
   "metadata": {},
   "outputs": [],
   "source": [
    "# np.corrcoef(df.ArrDelay, df.DepDelay)\n",
    "# Ojo, la funcion corrcoef no admite datos faltantes, hay que quitarlos antes"
   ]
  },
  {
   "cell_type": "code",
   "execution_count": 3,
   "metadata": {},
   "outputs": [],
   "source": [
    "df.dropna(subset = [\"ArrDelay\", \"DepDelay\", \"DepTime\"], inplace = True)"
   ]
  },
  {
   "cell_type": "code",
   "execution_count": 4,
   "metadata": {},
   "outputs": [
    {
     "data": {
      "text/plain": [
       "array([[1.       , 0.9422735],\n",
       "       [0.9422735, 1.       ]])"
      ]
     },
     "execution_count": 4,
     "metadata": {},
     "output_type": "execute_result"
    }
   ],
   "source": [
    "np.corrcoef(df.ArrDelay, df.DepDelay)\n",
    "# Variables altísimamente corelaciondas"
   ]
  },
  {
   "cell_type": "code",
   "execution_count": 5,
   "metadata": {},
   "outputs": [
    {
     "data": {
      "text/plain": [
       "array([[1.        , 0.9422735 , 0.23241529],\n",
       "       [0.9422735 , 1.        , 0.25725889],\n",
       "       [0.23241529, 0.25725889, 1.        ]])"
      ]
     },
     "execution_count": 5,
     "metadata": {},
     "output_type": "execute_result"
    }
   ],
   "source": [
    "np.corrcoef([df[\"ArrDelay\"], df[\"DepDelay\"], df[\"DepTime\"]])\n",
    "# Si queremos más de dos varibales, la pasamos una lista de series"
   ]
  },
  {
   "cell_type": "code",
   "execution_count": 6,
   "metadata": {},
   "outputs": [],
   "source": [
    "df.drop(inplace = True, columns = [\"Year\",\"Cancelled\",\"Diverted\", \"Month\"])\n",
    "# Antes de aplicar corr a todo el dataframe, hay que borrar las columnas\n",
    "# que tienen variables dummies "
   ]
  },
  {
   "cell_type": "code",
   "execution_count": 7,
   "metadata": {},
   "outputs": [
    {
     "data": {
      "text/html": [
       "<div>\n",
       "<style scoped>\n",
       "    .dataframe tbody tr th:only-of-type {\n",
       "        vertical-align: middle;\n",
       "    }\n",
       "\n",
       "    .dataframe tbody tr th {\n",
       "        vertical-align: top;\n",
       "    }\n",
       "\n",
       "    .dataframe thead th {\n",
       "        text-align: right;\n",
       "    }\n",
       "</style>\n",
       "<table border=\"1\" class=\"dataframe\">\n",
       "  <thead>\n",
       "    <tr style=\"text-align: right;\">\n",
       "      <th></th>\n",
       "      <th>DayofMonth</th>\n",
       "      <th>DayOfWeek</th>\n",
       "      <th>DepTime</th>\n",
       "      <th>CRSDepTime</th>\n",
       "      <th>ArrTime</th>\n",
       "      <th>CRSArrTime</th>\n",
       "      <th>FlightNum</th>\n",
       "      <th>ActualElapsedTime</th>\n",
       "      <th>CRSElapsedTime</th>\n",
       "      <th>AirTime</th>\n",
       "      <th>ArrDelay</th>\n",
       "      <th>DepDelay</th>\n",
       "      <th>Distance</th>\n",
       "      <th>TaxiIn</th>\n",
       "      <th>TaxiOut</th>\n",
       "      <th>CarrierDelay</th>\n",
       "      <th>WeatherDelay</th>\n",
       "      <th>NASDelay</th>\n",
       "      <th>SecurityDelay</th>\n",
       "      <th>LateAircraftDelay</th>\n",
       "    </tr>\n",
       "  </thead>\n",
       "  <tbody>\n",
       "    <tr>\n",
       "      <th>DayofMonth</th>\n",
       "      <td>1.000000</td>\n",
       "      <td>-0.118851</td>\n",
       "      <td>-0.001168</td>\n",
       "      <td>0.003749</td>\n",
       "      <td>-0.004445</td>\n",
       "      <td>-0.001941</td>\n",
       "      <td>0.072588</td>\n",
       "      <td>0.004568</td>\n",
       "      <td>-0.006886</td>\n",
       "      <td>0.000893</td>\n",
       "      <td>0.027501</td>\n",
       "      <td>0.007231</td>\n",
       "      <td>-0.006686</td>\n",
       "      <td>-0.012618</td>\n",
       "      <td>0.040429</td>\n",
       "      <td>-0.061650</td>\n",
       "      <td>0.055178</td>\n",
       "      <td>0.111780</td>\n",
       "      <td>-0.012357</td>\n",
       "      <td>0.079725</td>\n",
       "    </tr>\n",
       "    <tr>\n",
       "      <th>DayOfWeek</th>\n",
       "      <td>-0.118851</td>\n",
       "      <td>1.000000</td>\n",
       "      <td>0.031111</td>\n",
       "      <td>0.024400</td>\n",
       "      <td>0.021947</td>\n",
       "      <td>0.027785</td>\n",
       "      <td>-0.039560</td>\n",
       "      <td>0.015945</td>\n",
       "      <td>0.017744</td>\n",
       "      <td>0.014324</td>\n",
       "      <td>0.085299</td>\n",
       "      <td>0.098220</td>\n",
       "      <td>0.017525</td>\n",
       "      <td>0.034878</td>\n",
       "      <td>0.000337</td>\n",
       "      <td>0.031015</td>\n",
       "      <td>0.008769</td>\n",
       "      <td>0.001660</td>\n",
       "      <td>0.024726</td>\n",
       "      <td>0.079787</td>\n",
       "    </tr>\n",
       "    <tr>\n",
       "      <th>DepTime</th>\n",
       "      <td>-0.001168</td>\n",
       "      <td>0.031111</td>\n",
       "      <td>1.000000</td>\n",
       "      <td>0.985504</td>\n",
       "      <td>0.796903</td>\n",
       "      <td>0.852191</td>\n",
       "      <td>0.023409</td>\n",
       "      <td>-0.069542</td>\n",
       "      <td>-0.065937</td>\n",
       "      <td>-0.065054</td>\n",
       "      <td>0.232415</td>\n",
       "      <td>0.257259</td>\n",
       "      <td>-0.056849</td>\n",
       "      <td>0.029098</td>\n",
       "      <td>-0.068401</td>\n",
       "      <td>0.029925</td>\n",
       "      <td>-0.018628</td>\n",
       "      <td>-0.128269</td>\n",
       "      <td>-0.022763</td>\n",
       "      <td>0.229938</td>\n",
       "    </tr>\n",
       "    <tr>\n",
       "      <th>CRSDepTime</th>\n",
       "      <td>0.003749</td>\n",
       "      <td>0.024400</td>\n",
       "      <td>0.985504</td>\n",
       "      <td>1.000000</td>\n",
       "      <td>0.795609</td>\n",
       "      <td>0.862782</td>\n",
       "      <td>0.023789</td>\n",
       "      <td>-0.074644</td>\n",
       "      <td>-0.070060</td>\n",
       "      <td>-0.069232</td>\n",
       "      <td>0.180684</td>\n",
       "      <td>0.202200</td>\n",
       "      <td>-0.061167</td>\n",
       "      <td>0.024048</td>\n",
       "      <td>-0.075218</td>\n",
       "      <td>-0.015536</td>\n",
       "      <td>-0.057462</td>\n",
       "      <td>-0.149643</td>\n",
       "      <td>-0.025722</td>\n",
       "      <td>0.227241</td>\n",
       "    </tr>\n",
       "    <tr>\n",
       "      <th>ArrTime</th>\n",
       "      <td>-0.004445</td>\n",
       "      <td>0.021947</td>\n",
       "      <td>0.796903</td>\n",
       "      <td>0.795609</td>\n",
       "      <td>1.000000</td>\n",
       "      <td>0.887002</td>\n",
       "      <td>0.011193</td>\n",
       "      <td>0.013706</td>\n",
       "      <td>0.016936</td>\n",
       "      <td>0.018445</td>\n",
       "      <td>0.076353</td>\n",
       "      <td>0.091164</td>\n",
       "      <td>0.024675</td>\n",
       "      <td>0.044000</td>\n",
       "      <td>-0.062210</td>\n",
       "      <td>-0.027949</td>\n",
       "      <td>-0.033068</td>\n",
       "      <td>-0.067516</td>\n",
       "      <td>-0.005993</td>\n",
       "      <td>-0.050018</td>\n",
       "    </tr>\n",
       "    <tr>\n",
       "      <th>CRSArrTime</th>\n",
       "      <td>-0.001941</td>\n",
       "      <td>0.027785</td>\n",
       "      <td>0.852191</td>\n",
       "      <td>0.862782</td>\n",
       "      <td>0.887002</td>\n",
       "      <td>1.000000</td>\n",
       "      <td>0.014385</td>\n",
       "      <td>0.025615</td>\n",
       "      <td>0.032250</td>\n",
       "      <td>0.030644</td>\n",
       "      <td>0.142571</td>\n",
       "      <td>0.171454</td>\n",
       "      <td>0.042641</td>\n",
       "      <td>0.042752</td>\n",
       "      <td>-0.061937</td>\n",
       "      <td>-0.004882</td>\n",
       "      <td>-0.049083</td>\n",
       "      <td>-0.119460</td>\n",
       "      <td>-0.016722</td>\n",
       "      <td>0.171666</td>\n",
       "    </tr>\n",
       "    <tr>\n",
       "      <th>FlightNum</th>\n",
       "      <td>0.072588</td>\n",
       "      <td>-0.039560</td>\n",
       "      <td>0.023409</td>\n",
       "      <td>0.023789</td>\n",
       "      <td>0.011193</td>\n",
       "      <td>0.014385</td>\n",
       "      <td>1.000000</td>\n",
       "      <td>0.024159</td>\n",
       "      <td>0.025279</td>\n",
       "      <td>0.021619</td>\n",
       "      <td>-0.001017</td>\n",
       "      <td>0.002810</td>\n",
       "      <td>0.017180</td>\n",
       "      <td>0.007277</td>\n",
       "      <td>0.023976</td>\n",
       "      <td>-0.020801</td>\n",
       "      <td>0.004887</td>\n",
       "      <td>0.002978</td>\n",
       "      <td>-0.007659</td>\n",
       "      <td>-0.002957</td>\n",
       "    </tr>\n",
       "    <tr>\n",
       "      <th>ActualElapsedTime</th>\n",
       "      <td>0.004568</td>\n",
       "      <td>0.015945</td>\n",
       "      <td>-0.069542</td>\n",
       "      <td>-0.074644</td>\n",
       "      <td>0.013706</td>\n",
       "      <td>0.025615</td>\n",
       "      <td>0.024159</td>\n",
       "      <td>1.000000</td>\n",
       "      <td>0.983501</td>\n",
       "      <td>0.992457</td>\n",
       "      <td>-0.013101</td>\n",
       "      <td>0.020641</td>\n",
       "      <td>0.963610</td>\n",
       "      <td>0.183375</td>\n",
       "      <td>0.167747</td>\n",
       "      <td>0.021032</td>\n",
       "      <td>0.039746</td>\n",
       "      <td>0.208190</td>\n",
       "      <td>0.014323</td>\n",
       "      <td>-0.076740</td>\n",
       "    </tr>\n",
       "    <tr>\n",
       "      <th>CRSElapsedTime</th>\n",
       "      <td>-0.006886</td>\n",
       "      <td>0.017744</td>\n",
       "      <td>-0.065937</td>\n",
       "      <td>-0.070060</td>\n",
       "      <td>0.016936</td>\n",
       "      <td>0.032250</td>\n",
       "      <td>0.025279</td>\n",
       "      <td>0.983501</td>\n",
       "      <td>1.000000</td>\n",
       "      <td>0.989002</td>\n",
       "      <td>-0.088450</td>\n",
       "      <td>0.003833</td>\n",
       "      <td>0.979863</td>\n",
       "      <td>0.134687</td>\n",
       "      <td>0.070776</td>\n",
       "      <td>0.047632</td>\n",
       "      <td>0.016538</td>\n",
       "      <td>0.056008</td>\n",
       "      <td>0.015098</td>\n",
       "      <td>-0.039098</td>\n",
       "    </tr>\n",
       "    <tr>\n",
       "      <th>AirTime</th>\n",
       "      <td>0.000893</td>\n",
       "      <td>0.014324</td>\n",
       "      <td>-0.065054</td>\n",
       "      <td>-0.069232</td>\n",
       "      <td>0.018445</td>\n",
       "      <td>0.030644</td>\n",
       "      <td>0.021619</td>\n",
       "      <td>0.992457</td>\n",
       "      <td>0.989002</td>\n",
       "      <td>1.000000</td>\n",
       "      <td>-0.051250</td>\n",
       "      <td>0.004760</td>\n",
       "      <td>0.971304</td>\n",
       "      <td>0.126607</td>\n",
       "      <td>0.058028</td>\n",
       "      <td>0.031140</td>\n",
       "      <td>0.023489</td>\n",
       "      <td>0.118158</td>\n",
       "      <td>0.017114</td>\n",
       "      <td>-0.071480</td>\n",
       "    </tr>\n",
       "    <tr>\n",
       "      <th>ArrDelay</th>\n",
       "      <td>0.027501</td>\n",
       "      <td>0.085299</td>\n",
       "      <td>0.232415</td>\n",
       "      <td>0.180684</td>\n",
       "      <td>0.076353</td>\n",
       "      <td>0.142571</td>\n",
       "      <td>-0.001017</td>\n",
       "      <td>-0.013101</td>\n",
       "      <td>-0.088450</td>\n",
       "      <td>-0.051250</td>\n",
       "      <td>1.000000</td>\n",
       "      <td>0.942274</td>\n",
       "      <td>-0.081415</td>\n",
       "      <td>0.130874</td>\n",
       "      <td>0.277640</td>\n",
       "      <td>0.302390</td>\n",
       "      <td>0.267780</td>\n",
       "      <td>0.277161</td>\n",
       "      <td>-0.005642</td>\n",
       "      <td>0.756030</td>\n",
       "    </tr>\n",
       "    <tr>\n",
       "      <th>DepDelay</th>\n",
       "      <td>0.007231</td>\n",
       "      <td>0.098220</td>\n",
       "      <td>0.257259</td>\n",
       "      <td>0.202200</td>\n",
       "      <td>0.091164</td>\n",
       "      <td>0.171454</td>\n",
       "      <td>0.002810</td>\n",
       "      <td>0.020641</td>\n",
       "      <td>0.003833</td>\n",
       "      <td>0.004760</td>\n",
       "      <td>0.942274</td>\n",
       "      <td>1.000000</td>\n",
       "      <td>0.009683</td>\n",
       "      <td>0.057272</td>\n",
       "      <td>0.119163</td>\n",
       "      <td>0.328748</td>\n",
       "      <td>0.233300</td>\n",
       "      <td>0.079642</td>\n",
       "      <td>-0.005033</td>\n",
       "      <td>0.790627</td>\n",
       "    </tr>\n",
       "    <tr>\n",
       "      <th>Distance</th>\n",
       "      <td>-0.006686</td>\n",
       "      <td>0.017525</td>\n",
       "      <td>-0.056849</td>\n",
       "      <td>-0.061167</td>\n",
       "      <td>0.024675</td>\n",
       "      <td>0.042641</td>\n",
       "      <td>0.017180</td>\n",
       "      <td>0.963610</td>\n",
       "      <td>0.979863</td>\n",
       "      <td>0.971304</td>\n",
       "      <td>-0.081415</td>\n",
       "      <td>0.009683</td>\n",
       "      <td>1.000000</td>\n",
       "      <td>0.114718</td>\n",
       "      <td>0.057072</td>\n",
       "      <td>0.051182</td>\n",
       "      <td>0.007648</td>\n",
       "      <td>0.027524</td>\n",
       "      <td>0.015335</td>\n",
       "      <td>-0.025544</td>\n",
       "    </tr>\n",
       "    <tr>\n",
       "      <th>TaxiIn</th>\n",
       "      <td>-0.012618</td>\n",
       "      <td>0.034878</td>\n",
       "      <td>0.029098</td>\n",
       "      <td>0.024048</td>\n",
       "      <td>0.044000</td>\n",
       "      <td>0.042752</td>\n",
       "      <td>0.007277</td>\n",
       "      <td>0.183375</td>\n",
       "      <td>0.134687</td>\n",
       "      <td>0.126607</td>\n",
       "      <td>0.130874</td>\n",
       "      <td>0.057272</td>\n",
       "      <td>0.114718</td>\n",
       "      <td>1.000000</td>\n",
       "      <td>0.050636</td>\n",
       "      <td>-0.023489</td>\n",
       "      <td>0.074326</td>\n",
       "      <td>0.255261</td>\n",
       "      <td>-0.003483</td>\n",
       "      <td>-0.037674</td>\n",
       "    </tr>\n",
       "    <tr>\n",
       "      <th>TaxiOut</th>\n",
       "      <td>0.040429</td>\n",
       "      <td>0.000337</td>\n",
       "      <td>-0.068401</td>\n",
       "      <td>-0.075218</td>\n",
       "      <td>-0.062210</td>\n",
       "      <td>-0.061937</td>\n",
       "      <td>0.023976</td>\n",
       "      <td>0.167747</td>\n",
       "      <td>0.070776</td>\n",
       "      <td>0.058028</td>\n",
       "      <td>0.277640</td>\n",
       "      <td>0.119163</td>\n",
       "      <td>0.057072</td>\n",
       "      <td>0.050636</td>\n",
       "      <td>1.000000</td>\n",
       "      <td>-0.041822</td>\n",
       "      <td>0.064286</td>\n",
       "      <td>0.426727</td>\n",
       "      <td>-0.011322</td>\n",
       "      <td>-0.026671</td>\n",
       "    </tr>\n",
       "    <tr>\n",
       "      <th>CarrierDelay</th>\n",
       "      <td>-0.061650</td>\n",
       "      <td>0.031015</td>\n",
       "      <td>0.029925</td>\n",
       "      <td>-0.015536</td>\n",
       "      <td>-0.027949</td>\n",
       "      <td>-0.004882</td>\n",
       "      <td>-0.020801</td>\n",
       "      <td>0.021032</td>\n",
       "      <td>0.047632</td>\n",
       "      <td>0.031140</td>\n",
       "      <td>0.302390</td>\n",
       "      <td>0.328748</td>\n",
       "      <td>0.051182</td>\n",
       "      <td>-0.023489</td>\n",
       "      <td>-0.041822</td>\n",
       "      <td>1.000000</td>\n",
       "      <td>-0.064598</td>\n",
       "      <td>-0.104465</td>\n",
       "      <td>-0.028104</td>\n",
       "      <td>-0.129563</td>\n",
       "    </tr>\n",
       "    <tr>\n",
       "      <th>WeatherDelay</th>\n",
       "      <td>0.055178</td>\n",
       "      <td>0.008769</td>\n",
       "      <td>-0.018628</td>\n",
       "      <td>-0.057462</td>\n",
       "      <td>-0.033068</td>\n",
       "      <td>-0.049083</td>\n",
       "      <td>0.004887</td>\n",
       "      <td>0.039746</td>\n",
       "      <td>0.016538</td>\n",
       "      <td>0.023489</td>\n",
       "      <td>0.267780</td>\n",
       "      <td>0.233300</td>\n",
       "      <td>0.007648</td>\n",
       "      <td>0.074326</td>\n",
       "      <td>0.064286</td>\n",
       "      <td>-0.064598</td>\n",
       "      <td>1.000000</td>\n",
       "      <td>0.039809</td>\n",
       "      <td>-0.009468</td>\n",
       "      <td>-0.023564</td>\n",
       "    </tr>\n",
       "    <tr>\n",
       "      <th>NASDelay</th>\n",
       "      <td>0.111780</td>\n",
       "      <td>0.001660</td>\n",
       "      <td>-0.128269</td>\n",
       "      <td>-0.149643</td>\n",
       "      <td>-0.067516</td>\n",
       "      <td>-0.119460</td>\n",
       "      <td>0.002978</td>\n",
       "      <td>0.208190</td>\n",
       "      <td>0.056008</td>\n",
       "      <td>0.118158</td>\n",
       "      <td>0.277161</td>\n",
       "      <td>0.079642</td>\n",
       "      <td>0.027524</td>\n",
       "      <td>0.255261</td>\n",
       "      <td>0.426727</td>\n",
       "      <td>-0.104465</td>\n",
       "      <td>0.039809</td>\n",
       "      <td>1.000000</td>\n",
       "      <td>-0.011626</td>\n",
       "      <td>-0.111834</td>\n",
       "    </tr>\n",
       "    <tr>\n",
       "      <th>SecurityDelay</th>\n",
       "      <td>-0.012357</td>\n",
       "      <td>0.024726</td>\n",
       "      <td>-0.022763</td>\n",
       "      <td>-0.025722</td>\n",
       "      <td>-0.005993</td>\n",
       "      <td>-0.016722</td>\n",
       "      <td>-0.007659</td>\n",
       "      <td>0.014323</td>\n",
       "      <td>0.015098</td>\n",
       "      <td>0.017114</td>\n",
       "      <td>-0.005642</td>\n",
       "      <td>-0.005033</td>\n",
       "      <td>0.015335</td>\n",
       "      <td>-0.003483</td>\n",
       "      <td>-0.011322</td>\n",
       "      <td>-0.028104</td>\n",
       "      <td>-0.009468</td>\n",
       "      <td>-0.011626</td>\n",
       "      <td>1.000000</td>\n",
       "      <td>-0.025623</td>\n",
       "    </tr>\n",
       "    <tr>\n",
       "      <th>LateAircraftDelay</th>\n",
       "      <td>0.079725</td>\n",
       "      <td>0.079787</td>\n",
       "      <td>0.229938</td>\n",
       "      <td>0.227241</td>\n",
       "      <td>-0.050018</td>\n",
       "      <td>0.171666</td>\n",
       "      <td>-0.002957</td>\n",
       "      <td>-0.076740</td>\n",
       "      <td>-0.039098</td>\n",
       "      <td>-0.071480</td>\n",
       "      <td>0.756030</td>\n",
       "      <td>0.790627</td>\n",
       "      <td>-0.025544</td>\n",
       "      <td>-0.037674</td>\n",
       "      <td>-0.026671</td>\n",
       "      <td>-0.129563</td>\n",
       "      <td>-0.023564</td>\n",
       "      <td>-0.111834</td>\n",
       "      <td>-0.025623</td>\n",
       "      <td>1.000000</td>\n",
       "    </tr>\n",
       "  </tbody>\n",
       "</table>\n",
       "</div>"
      ],
      "text/plain": [
       "                   DayofMonth  DayOfWeek   DepTime  CRSDepTime   ArrTime  \\\n",
       "DayofMonth           1.000000  -0.118851 -0.001168    0.003749 -0.004445   \n",
       "DayOfWeek           -0.118851   1.000000  0.031111    0.024400  0.021947   \n",
       "DepTime             -0.001168   0.031111  1.000000    0.985504  0.796903   \n",
       "CRSDepTime           0.003749   0.024400  0.985504    1.000000  0.795609   \n",
       "ArrTime             -0.004445   0.021947  0.796903    0.795609  1.000000   \n",
       "CRSArrTime          -0.001941   0.027785  0.852191    0.862782  0.887002   \n",
       "FlightNum            0.072588  -0.039560  0.023409    0.023789  0.011193   \n",
       "ActualElapsedTime    0.004568   0.015945 -0.069542   -0.074644  0.013706   \n",
       "CRSElapsedTime      -0.006886   0.017744 -0.065937   -0.070060  0.016936   \n",
       "AirTime              0.000893   0.014324 -0.065054   -0.069232  0.018445   \n",
       "ArrDelay             0.027501   0.085299  0.232415    0.180684  0.076353   \n",
       "DepDelay             0.007231   0.098220  0.257259    0.202200  0.091164   \n",
       "Distance            -0.006686   0.017525 -0.056849   -0.061167  0.024675   \n",
       "TaxiIn              -0.012618   0.034878  0.029098    0.024048  0.044000   \n",
       "TaxiOut              0.040429   0.000337 -0.068401   -0.075218 -0.062210   \n",
       "CarrierDelay        -0.061650   0.031015  0.029925   -0.015536 -0.027949   \n",
       "WeatherDelay         0.055178   0.008769 -0.018628   -0.057462 -0.033068   \n",
       "NASDelay             0.111780   0.001660 -0.128269   -0.149643 -0.067516   \n",
       "SecurityDelay       -0.012357   0.024726 -0.022763   -0.025722 -0.005993   \n",
       "LateAircraftDelay    0.079725   0.079787  0.229938    0.227241 -0.050018   \n",
       "\n",
       "                   CRSArrTime  FlightNum  ActualElapsedTime  CRSElapsedTime  \\\n",
       "DayofMonth          -0.001941   0.072588           0.004568       -0.006886   \n",
       "DayOfWeek            0.027785  -0.039560           0.015945        0.017744   \n",
       "DepTime              0.852191   0.023409          -0.069542       -0.065937   \n",
       "CRSDepTime           0.862782   0.023789          -0.074644       -0.070060   \n",
       "ArrTime              0.887002   0.011193           0.013706        0.016936   \n",
       "CRSArrTime           1.000000   0.014385           0.025615        0.032250   \n",
       "FlightNum            0.014385   1.000000           0.024159        0.025279   \n",
       "ActualElapsedTime    0.025615   0.024159           1.000000        0.983501   \n",
       "CRSElapsedTime       0.032250   0.025279           0.983501        1.000000   \n",
       "AirTime              0.030644   0.021619           0.992457        0.989002   \n",
       "ArrDelay             0.142571  -0.001017          -0.013101       -0.088450   \n",
       "DepDelay             0.171454   0.002810           0.020641        0.003833   \n",
       "Distance             0.042641   0.017180           0.963610        0.979863   \n",
       "TaxiIn               0.042752   0.007277           0.183375        0.134687   \n",
       "TaxiOut             -0.061937   0.023976           0.167747        0.070776   \n",
       "CarrierDelay        -0.004882  -0.020801           0.021032        0.047632   \n",
       "WeatherDelay        -0.049083   0.004887           0.039746        0.016538   \n",
       "NASDelay            -0.119460   0.002978           0.208190        0.056008   \n",
       "SecurityDelay       -0.016722  -0.007659           0.014323        0.015098   \n",
       "LateAircraftDelay    0.171666  -0.002957          -0.076740       -0.039098   \n",
       "\n",
       "                    AirTime  ArrDelay  DepDelay  Distance    TaxiIn   TaxiOut  \\\n",
       "DayofMonth         0.000893  0.027501  0.007231 -0.006686 -0.012618  0.040429   \n",
       "DayOfWeek          0.014324  0.085299  0.098220  0.017525  0.034878  0.000337   \n",
       "DepTime           -0.065054  0.232415  0.257259 -0.056849  0.029098 -0.068401   \n",
       "CRSDepTime        -0.069232  0.180684  0.202200 -0.061167  0.024048 -0.075218   \n",
       "ArrTime            0.018445  0.076353  0.091164  0.024675  0.044000 -0.062210   \n",
       "CRSArrTime         0.030644  0.142571  0.171454  0.042641  0.042752 -0.061937   \n",
       "FlightNum          0.021619 -0.001017  0.002810  0.017180  0.007277  0.023976   \n",
       "ActualElapsedTime  0.992457 -0.013101  0.020641  0.963610  0.183375  0.167747   \n",
       "CRSElapsedTime     0.989002 -0.088450  0.003833  0.979863  0.134687  0.070776   \n",
       "AirTime            1.000000 -0.051250  0.004760  0.971304  0.126607  0.058028   \n",
       "ArrDelay          -0.051250  1.000000  0.942274 -0.081415  0.130874  0.277640   \n",
       "DepDelay           0.004760  0.942274  1.000000  0.009683  0.057272  0.119163   \n",
       "Distance           0.971304 -0.081415  0.009683  1.000000  0.114718  0.057072   \n",
       "TaxiIn             0.126607  0.130874  0.057272  0.114718  1.000000  0.050636   \n",
       "TaxiOut            0.058028  0.277640  0.119163  0.057072  0.050636  1.000000   \n",
       "CarrierDelay       0.031140  0.302390  0.328748  0.051182 -0.023489 -0.041822   \n",
       "WeatherDelay       0.023489  0.267780  0.233300  0.007648  0.074326  0.064286   \n",
       "NASDelay           0.118158  0.277161  0.079642  0.027524  0.255261  0.426727   \n",
       "SecurityDelay      0.017114 -0.005642 -0.005033  0.015335 -0.003483 -0.011322   \n",
       "LateAircraftDelay -0.071480  0.756030  0.790627 -0.025544 -0.037674 -0.026671   \n",
       "\n",
       "                   CarrierDelay  WeatherDelay  NASDelay  SecurityDelay  \\\n",
       "DayofMonth            -0.061650      0.055178  0.111780      -0.012357   \n",
       "DayOfWeek              0.031015      0.008769  0.001660       0.024726   \n",
       "DepTime                0.029925     -0.018628 -0.128269      -0.022763   \n",
       "CRSDepTime            -0.015536     -0.057462 -0.149643      -0.025722   \n",
       "ArrTime               -0.027949     -0.033068 -0.067516      -0.005993   \n",
       "CRSArrTime            -0.004882     -0.049083 -0.119460      -0.016722   \n",
       "FlightNum             -0.020801      0.004887  0.002978      -0.007659   \n",
       "ActualElapsedTime      0.021032      0.039746  0.208190       0.014323   \n",
       "CRSElapsedTime         0.047632      0.016538  0.056008       0.015098   \n",
       "AirTime                0.031140      0.023489  0.118158       0.017114   \n",
       "ArrDelay               0.302390      0.267780  0.277161      -0.005642   \n",
       "DepDelay               0.328748      0.233300  0.079642      -0.005033   \n",
       "Distance               0.051182      0.007648  0.027524       0.015335   \n",
       "TaxiIn                -0.023489      0.074326  0.255261      -0.003483   \n",
       "TaxiOut               -0.041822      0.064286  0.426727      -0.011322   \n",
       "CarrierDelay           1.000000     -0.064598 -0.104465      -0.028104   \n",
       "WeatherDelay          -0.064598      1.000000  0.039809      -0.009468   \n",
       "NASDelay              -0.104465      0.039809  1.000000      -0.011626   \n",
       "SecurityDelay         -0.028104     -0.009468 -0.011626       1.000000   \n",
       "LateAircraftDelay     -0.129563     -0.023564 -0.111834      -0.025623   \n",
       "\n",
       "                   LateAircraftDelay  \n",
       "DayofMonth                  0.079725  \n",
       "DayOfWeek                   0.079787  \n",
       "DepTime                     0.229938  \n",
       "CRSDepTime                  0.227241  \n",
       "ArrTime                    -0.050018  \n",
       "CRSArrTime                  0.171666  \n",
       "FlightNum                  -0.002957  \n",
       "ActualElapsedTime          -0.076740  \n",
       "CRSElapsedTime             -0.039098  \n",
       "AirTime                    -0.071480  \n",
       "ArrDelay                    0.756030  \n",
       "DepDelay                    0.790627  \n",
       "Distance                   -0.025544  \n",
       "TaxiIn                     -0.037674  \n",
       "TaxiOut                    -0.026671  \n",
       "CarrierDelay               -0.129563  \n",
       "WeatherDelay               -0.023564  \n",
       "NASDelay                   -0.111834  \n",
       "SecurityDelay              -0.025623  \n",
       "LateAircraftDelay           1.000000  "
      ]
     },
     "execution_count": 7,
     "metadata": {},
     "output_type": "execute_result"
    }
   ],
   "source": [
    "df.corr()"
   ]
  },
  {
   "cell_type": "code",
   "execution_count": 8,
   "metadata": {},
   "outputs": [
    {
     "data": {
      "text/html": [
       "<style  type=\"text/css\" >\n",
       "#T_e95b95aa_f912_11ea_9e62_acde48001122row0_col0,#T_e95b95aa_f912_11ea_9e62_acde48001122row1_col1,#T_e95b95aa_f912_11ea_9e62_acde48001122row2_col2,#T_e95b95aa_f912_11ea_9e62_acde48001122row3_col3,#T_e95b95aa_f912_11ea_9e62_acde48001122row4_col4,#T_e95b95aa_f912_11ea_9e62_acde48001122row5_col5,#T_e95b95aa_f912_11ea_9e62_acde48001122row6_col6,#T_e95b95aa_f912_11ea_9e62_acde48001122row7_col7,#T_e95b95aa_f912_11ea_9e62_acde48001122row8_col8,#T_e95b95aa_f912_11ea_9e62_acde48001122row9_col9,#T_e95b95aa_f912_11ea_9e62_acde48001122row10_col10,#T_e95b95aa_f912_11ea_9e62_acde48001122row11_col11,#T_e95b95aa_f912_11ea_9e62_acde48001122row12_col12,#T_e95b95aa_f912_11ea_9e62_acde48001122row13_col13,#T_e95b95aa_f912_11ea_9e62_acde48001122row14_col14,#T_e95b95aa_f912_11ea_9e62_acde48001122row15_col15,#T_e95b95aa_f912_11ea_9e62_acde48001122row16_col16,#T_e95b95aa_f912_11ea_9e62_acde48001122row17_col17,#T_e95b95aa_f912_11ea_9e62_acde48001122row18_col18,#T_e95b95aa_f912_11ea_9e62_acde48001122row19_col19{\n",
       "            background-color:  #023858;\n",
       "            color:  #f1f1f1;\n",
       "        }#T_e95b95aa_f912_11ea_9e62_acde48001122row0_col1,#T_e95b95aa_f912_11ea_9e62_acde48001122row1_col0,#T_e95b95aa_f912_11ea_9e62_acde48001122row1_col6,#T_e95b95aa_f912_11ea_9e62_acde48001122row3_col7,#T_e95b95aa_f912_11ea_9e62_acde48001122row3_col9,#T_e95b95aa_f912_11ea_9e62_acde48001122row3_col14,#T_e95b95aa_f912_11ea_9e62_acde48001122row3_col17,#T_e95b95aa_f912_11ea_9e62_acde48001122row3_col18,#T_e95b95aa_f912_11ea_9e62_acde48001122row8_col10,#T_e95b95aa_f912_11ea_9e62_acde48001122row10_col8,#T_e95b95aa_f912_11ea_9e62_acde48001122row10_col12,#T_e95b95aa_f912_11ea_9e62_acde48001122row15_col16,#T_e95b95aa_f912_11ea_9e62_acde48001122row15_col18,#T_e95b95aa_f912_11ea_9e62_acde48001122row15_col19,#T_e95b95aa_f912_11ea_9e62_acde48001122row17_col2,#T_e95b95aa_f912_11ea_9e62_acde48001122row17_col3,#T_e95b95aa_f912_11ea_9e62_acde48001122row17_col4,#T_e95b95aa_f912_11ea_9e62_acde48001122row17_col5,#T_e95b95aa_f912_11ea_9e62_acde48001122row18_col11,#T_e95b95aa_f912_11ea_9e62_acde48001122row19_col7,#T_e95b95aa_f912_11ea_9e62_acde48001122row19_col9,#T_e95b95aa_f912_11ea_9e62_acde48001122row19_col13,#T_e95b95aa_f912_11ea_9e62_acde48001122row19_col15,#T_e95b95aa_f912_11ea_9e62_acde48001122row19_col18{\n",
       "            background-color:  #fff7fb;\n",
       "            color:  #000000;\n",
       "        }#T_e95b95aa_f912_11ea_9e62_acde48001122row0_col2,#T_e95b95aa_f912_11ea_9e62_acde48001122row0_col16,#T_e95b95aa_f912_11ea_9e62_acde48001122row3_col0,#T_e95b95aa_f912_11ea_9e62_acde48001122row5_col8,#T_e95b95aa_f912_11ea_9e62_acde48001122row5_col15,#T_e95b95aa_f912_11ea_9e62_acde48001122row6_col19,#T_e95b95aa_f912_11ea_9e62_acde48001122row7_col0,#T_e95b95aa_f912_11ea_9e62_acde48001122row11_col0{\n",
       "            background-color:  #eee9f3;\n",
       "            color:  #000000;\n",
       "        }#T_e95b95aa_f912_11ea_9e62_acde48001122row0_col3,#T_e95b95aa_f912_11ea_9e62_acde48001122row2_col1,#T_e95b95aa_f912_11ea_9e62_acde48001122row6_col2,#T_e95b95aa_f912_11ea_9e62_acde48001122row6_col17,#T_e95b95aa_f912_11ea_9e62_acde48001122row7_col15,#T_e95b95aa_f912_11ea_9e62_acde48001122row8_col5,#T_e95b95aa_f912_11ea_9e62_acde48001122row8_col14,#T_e95b95aa_f912_11ea_9e62_acde48001122row9_col5,#T_e95b95aa_f912_11ea_9e62_acde48001122row10_col4,#T_e95b95aa_f912_11ea_9e62_acde48001122row15_col1{\n",
       "            background-color:  #eae6f1;\n",
       "            color:  #000000;\n",
       "        }#T_e95b95aa_f912_11ea_9e62_acde48001122row0_col4,#T_e95b95aa_f912_11ea_9e62_acde48001122row0_col15,#T_e95b95aa_f912_11ea_9e62_acde48001122row2_col6,#T_e95b95aa_f912_11ea_9e62_acde48001122row3_col6,#T_e95b95aa_f912_11ea_9e62_acde48001122row3_col13,#T_e95b95aa_f912_11ea_9e62_acde48001122row7_col6,#T_e95b95aa_f912_11ea_9e62_acde48001122row9_col6,#T_e95b95aa_f912_11ea_9e62_acde48001122row10_col7,#T_e95b95aa_f912_11ea_9e62_acde48001122row13_col11,#T_e95b95aa_f912_11ea_9e62_acde48001122row14_col6,#T_e95b95aa_f912_11ea_9e62_acde48001122row18_col14{\n",
       "            background-color:  #f6eff7;\n",
       "            color:  #000000;\n",
       "        }#T_e95b95aa_f912_11ea_9e62_acde48001122row0_col5,#T_e95b95aa_f912_11ea_9e62_acde48001122row1_col11,#T_e95b95aa_f912_11ea_9e62_acde48001122row2_col0,#T_e95b95aa_f912_11ea_9e62_acde48001122row3_col15,#T_e95b95aa_f912_11ea_9e62_acde48001122row4_col0,#T_e95b95aa_f912_11ea_9e62_acde48001122row4_col12,#T_e95b95aa_f912_11ea_9e62_acde48001122row5_col0,#T_e95b95aa_f912_11ea_9e62_acde48001122row6_col8,#T_e95b95aa_f912_11ea_9e62_acde48001122row7_col16,#T_e95b95aa_f912_11ea_9e62_acde48001122row8_col0,#T_e95b95aa_f912_11ea_9e62_acde48001122row12_col0,#T_e95b95aa_f912_11ea_9e62_acde48001122row13_col4,#T_e95b95aa_f912_11ea_9e62_acde48001122row15_col5,#T_e95b95aa_f912_11ea_9e62_acde48001122row17_col12,#T_e95b95aa_f912_11ea_9e62_acde48001122row17_col16{\n",
       "            background-color:  #f0eaf4;\n",
       "            color:  #000000;\n",
       "        }#T_e95b95aa_f912_11ea_9e62_acde48001122row0_col6,#T_e95b95aa_f912_11ea_9e62_acde48001122row0_col10,#T_e95b95aa_f912_11ea_9e62_acde48001122row0_col14,#T_e95b95aa_f912_11ea_9e62_acde48001122row9_col0,#T_e95b95aa_f912_11ea_9e62_acde48001122row14_col1,#T_e95b95aa_f912_11ea_9e62_acde48001122row16_col7,#T_e95b95aa_f912_11ea_9e62_acde48001122row16_col13,#T_e95b95aa_f912_11ea_9e62_acde48001122row17_col1,#T_e95b95aa_f912_11ea_9e62_acde48001122row18_col3{\n",
       "            background-color:  #efe9f3;\n",
       "            color:  #000000;\n",
       "        }#T_e95b95aa_f912_11ea_9e62_acde48001122row0_col7,#T_e95b95aa_f912_11ea_9e62_acde48001122row0_col8,#T_e95b95aa_f912_11ea_9e62_acde48001122row5_col13,#T_e95b95aa_f912_11ea_9e62_acde48001122row7_col4,#T_e95b95aa_f912_11ea_9e62_acde48001122row8_col16,#T_e95b95aa_f912_11ea_9e62_acde48001122row12_col3,#T_e95b95aa_f912_11ea_9e62_acde48001122row14_col15,#T_e95b95aa_f912_11ea_9e62_acde48001122row18_col10{\n",
       "            background-color:  #f4edf6;\n",
       "            color:  #000000;\n",
       "        }#T_e95b95aa_f912_11ea_9e62_acde48001122row0_col9,#T_e95b95aa_f912_11ea_9e62_acde48001122row0_col12,#T_e95b95aa_f912_11ea_9e62_acde48001122row1_col14,#T_e95b95aa_f912_11ea_9e62_acde48001122row1_col16,#T_e95b95aa_f912_11ea_9e62_acde48001122row7_col10,#T_e95b95aa_f912_11ea_9e62_acde48001122row8_col3,#T_e95b95aa_f912_11ea_9e62_acde48001122row12_col16{\n",
       "            background-color:  #f5eef6;\n",
       "            color:  #000000;\n",
       "        }#T_e95b95aa_f912_11ea_9e62_acde48001122row0_col11,#T_e95b95aa_f912_11ea_9e62_acde48001122row0_col18,#T_e95b95aa_f912_11ea_9e62_acde48001122row2_col17,#T_e95b95aa_f912_11ea_9e62_acde48001122row3_col8,#T_e95b95aa_f912_11ea_9e62_acde48001122row3_col12,#T_e95b95aa_f912_11ea_9e62_acde48001122row4_col14,#T_e95b95aa_f912_11ea_9e62_acde48001122row5_col14,#T_e95b95aa_f912_11ea_9e62_acde48001122row5_col16,#T_e95b95aa_f912_11ea_9e62_acde48001122row6_col18,#T_e95b95aa_f912_11ea_9e62_acde48001122row10_col9,#T_e95b95aa_f912_11ea_9e62_acde48001122row12_col11,#T_e95b95aa_f912_11ea_9e62_acde48001122row14_col18,#T_e95b95aa_f912_11ea_9e62_acde48001122row15_col6,#T_e95b95aa_f912_11ea_9e62_acde48001122row15_col13,#T_e95b95aa_f912_11ea_9e62_acde48001122row16_col18,#T_e95b95aa_f912_11ea_9e62_acde48001122row17_col18,#T_e95b95aa_f912_11ea_9e62_acde48001122row17_col19,#T_e95b95aa_f912_11ea_9e62_acde48001122row19_col4{\n",
       "            background-color:  #fdf5fa;\n",
       "            color:  #000000;\n",
       "        }#T_e95b95aa_f912_11ea_9e62_acde48001122row0_col13,#T_e95b95aa_f912_11ea_9e62_acde48001122row5_col17,#T_e95b95aa_f912_11ea_9e62_acde48001122row7_col11,#T_e95b95aa_f912_11ea_9e62_acde48001122row13_col18{\n",
       "            background-color:  #fbf4f9;\n",
       "            color:  #000000;\n",
       "        }#T_e95b95aa_f912_11ea_9e62_acde48001122row0_col17,#T_e95b95aa_f912_11ea_9e62_acde48001122row14_col7{\n",
       "            background-color:  #d5d5e8;\n",
       "            color:  #000000;\n",
       "        }#T_e95b95aa_f912_11ea_9e62_acde48001122row0_col19,#T_e95b95aa_f912_11ea_9e62_acde48001122row1_col19,#T_e95b95aa_f912_11ea_9e62_acde48001122row13_col9{\n",
       "            background-color:  #dfddec;\n",
       "            color:  #000000;\n",
       "        }#T_e95b95aa_f912_11ea_9e62_acde48001122row1_col2,#T_e95b95aa_f912_11ea_9e62_acde48001122row1_col15,#T_e95b95aa_f912_11ea_9e62_acde48001122row2_col15,#T_e95b95aa_f912_11ea_9e62_acde48001122row9_col15,#T_e95b95aa_f912_11ea_9e62_acde48001122row14_col0{\n",
       "            background-color:  #e8e4f0;\n",
       "            color:  #000000;\n",
       "        }#T_e95b95aa_f912_11ea_9e62_acde48001122row1_col3,#T_e95b95aa_f912_11ea_9e62_acde48001122row4_col10,#T_e95b95aa_f912_11ea_9e62_acde48001122row6_col3,#T_e95b95aa_f912_11ea_9e62_acde48001122row11_col4,#T_e95b95aa_f912_11ea_9e62_acde48001122row12_col5,#T_e95b95aa_f912_11ea_9e62_acde48001122row12_col13,#T_e95b95aa_f912_11ea_9e62_acde48001122row13_col3,#T_e95b95aa_f912_11ea_9e62_acde48001122row13_col5,#T_e95b95aa_f912_11ea_9e62_acde48001122row14_col8{\n",
       "            background-color:  #e7e3f0;\n",
       "            color:  #000000;\n",
       "        }#T_e95b95aa_f912_11ea_9e62_acde48001122row1_col4,#T_e95b95aa_f912_11ea_9e62_acde48001122row1_col7,#T_e95b95aa_f912_11ea_9e62_acde48001122row4_col7,#T_e95b95aa_f912_11ea_9e62_acde48001122row4_col9,#T_e95b95aa_f912_11ea_9e62_acde48001122row6_col9,#T_e95b95aa_f912_11ea_9e62_acde48001122row9_col16,#T_e95b95aa_f912_11ea_9e62_acde48001122row11_col8,#T_e95b95aa_f912_11ea_9e62_acde48001122row11_col12,#T_e95b95aa_f912_11ea_9e62_acde48001122row12_col4,#T_e95b95aa_f912_11ea_9e62_acde48001122row14_col13,#T_e95b95aa_f912_11ea_9e62_acde48001122row16_col9,#T_e95b95aa_f912_11ea_9e62_acde48001122row16_col12,#T_e95b95aa_f912_11ea_9e62_acde48001122row17_col11,#T_e95b95aa_f912_11ea_9e62_acde48001122row18_col7,#T_e95b95aa_f912_11ea_9e62_acde48001122row18_col9,#T_e95b95aa_f912_11ea_9e62_acde48001122row18_col12{\n",
       "            background-color:  #f2ecf5;\n",
       "            color:  #000000;\n",
       "        }#T_e95b95aa_f912_11ea_9e62_acde48001122row1_col5,#T_e95b95aa_f912_11ea_9e62_acde48001122row1_col17,#T_e95b95aa_f912_11ea_9e62_acde48001122row5_col1,#T_e95b95aa_f912_11ea_9e62_acde48001122row7_col5,#T_e95b95aa_f912_11ea_9e62_acde48001122row10_col0,#T_e95b95aa_f912_11ea_9e62_acde48001122row13_col16,#T_e95b95aa_f912_11ea_9e62_acde48001122row16_col14,#T_e95b95aa_f912_11ea_9e62_acde48001122row17_col8{\n",
       "            background-color:  #ebe6f2;\n",
       "            color:  #000000;\n",
